***    OpenGL Version:  4.5.0 NVIDIA 364.72    ***
XString: -1.000000
YString: 0.000000
ZString: 1.000000
XString: 1.000000
YString: 0.000000
ZString: 1.000000
XString: 1.000000
YString: 0.000000
ZString: -1.000000
XString: -1.000000
YString: 0.000000
ZString: -1.000000
v: -1.00 0.00 1.00
v: 1.00 0.00 1.00
v: 1.00 0.00 -1.00
v: -1.00 0.00 -1.00
vt: 1.00 0.00
vt: 0.00 1.00
vt: 0.00 0.00
vt: 1.00 1.00
vn: 0.00 1.00 0.00
1: 2 1 1
1.00 0.00 1.00
1.00 0.00 
0.00 1.00 0.00


1: 4 2 1
-1.00 0.00 -1.00
0.00 1.00 
0.00 1.00 0.00


1: 1 3 1
-1.00 0.00 1.00
0.00 0.00 
0.00 1.00 0.00


v: -1.00 0.00 1.00
v: 1.00 0.00 1.00
v: 1.00 0.00 -1.00
v: -1.00 0.00 -1.00
vt: 1.00 0.00
vt: 0.00 1.00
vt: 0.00 0.00
vt: 1.00 1.00
vn: 0.00 1.00 0.00
2: 2 1 1
1.00 0.00 1.00
1.00 0.00 
0.00 1.00 0.00


2: 3 4 1
1.00 0.00 -1.00
1.00 1.00 
0.00 1.00 0.00


2: 4 2 1
-1.00 0.00 -1.00
0.00 1.00 
0.00 1.00 0.00


Positions: 4
Normals: 1
UVs: 4
